5 0.22168 0.453776 0.03125 0.0325521 0.418723
5 0.326172 0.446615 0.0878906 0.0416667 0.67236
2 0.743164 0.953776 0.503906 0.0768229 0.888493
5 0.22168 0.453776 0.03125 0.0325521 0.418723
5 0.326172 0.446615 0.0878906 0.0416667 0.67236
2 0.743164 0.953776 0.503906 0.0768229 0.888493
2 0.756348 0.946615 0.483398 0.0911458 0.403632
5 0.344238 0.447917 0.0439453 0.0416667 0.415141
5 0.470703 0.470052 0.0625 0.0625 0.447457
5 0.307129 0.446615 0.0478516 0.0416667 0.448808
5 0.22168 0.453776 0.03125 0.0325521 0.418723
5 0.326172 0.446615 0.0878906 0.0416667 0.67236
2 0.743164 0.953776 0.503906 0.0768229 0.888493
