2 0.969306 0.0474174 0.0229954 0.0948349 0.403591
2 0.920516 0.0588484 0.0213957 0.117697 0.410377
2 0.25145 0.831781 0.0273945 0.226926 0.441359
2 0.491702 0.112758 0.0783843 0.0437482 0.449147
2 0.846531 0.109229 0.0253949 0.20604 0.450122
2 0.940412 0.0451595 0.0163967 0.0886255 0.459166
2 0.94811 0.339261 0.10018 0.0733841 0.463782
2 0.815437 0.810048 0.254749 0.193057 0.475292
2 0.176765 0.171606 0.105179 0.187976 0.515708
2 0.265347 0.843353 0.189962 0.22862 0.567432
2 0.723955 0.266723 0.373725 0.400226 0.575073
2 0.127275 0.45597 0.122176 0.193339 0.636041
2 0.467806 0.841942 0.172565 0.130398 0.705938
2 0.320036 0.596811 0.170166 0.0313294 0.789147
2 0.969306 0.0474174 0.0229954 0.0948349 0.403591
2 0.920516 0.0588484 0.0213957 0.117697 0.410377
2 0.25145 0.831781 0.0273945 0.226926 0.441359
2 0.491702 0.112758 0.0783843 0.0437482 0.449147
2 0.846531 0.109229 0.0253949 0.20604 0.450122
2 0.940412 0.0451595 0.0163967 0.0886255 0.459166
2 0.94811 0.339261 0.10018 0.0733841 0.463782
2 0.815437 0.810048 0.254749 0.193057 0.475292
2 0.176765 0.171606 0.105179 0.187976 0.515708
2 0.265347 0.843353 0.189962 0.22862 0.567432
2 0.723955 0.266723 0.373725 0.400226 0.575073
2 0.127275 0.45597 0.122176 0.193339 0.636041
2 0.467806 0.841942 0.172565 0.130398 0.705938
2 0.320036 0.596811 0.170166 0.0313294 0.789147
2 0.821136 0.804262 0.265347 0.196161 0.40316
2 0.320036 0.597375 0.175365 0.0313294 0.404562
2 0.25075 0.841801 0.024795 0.234547 0.417463
2 0.969306 0.0474174 0.0229954 0.0948349 0.403591
2 0.920516 0.0588484 0.0213957 0.117697 0.410377
2 0.25145 0.831781 0.0273945 0.226926 0.441359
2 0.491702 0.112758 0.0783843 0.0437482 0.449147
2 0.846531 0.109229 0.0253949 0.20604 0.450122
2 0.940412 0.0451595 0.0163967 0.0886255 0.459166
2 0.94811 0.339261 0.10018 0.0733841 0.463782
2 0.815437 0.810048 0.254749 0.193057 0.475292
2 0.176765 0.171606 0.105179 0.187976 0.515708
2 0.265347 0.843353 0.189962 0.22862 0.567432
2 0.723955 0.266723 0.373725 0.400226 0.575073
2 0.127275 0.45597 0.122176 0.193339 0.636041
2 0.467806 0.841942 0.172565 0.130398 0.705938
2 0.320036 0.596811 0.170166 0.0313294 0.789147
