5 0.019375 0.22045 0.03875 0.054409 0.408123
5 0.94125 0.217636 0.0425 0.0562852 0.411927
5 0.19125 0.581613 0.0575 0.0525328 0.41519
1 0.730625 0.811445 0.11125 0.34334 0.42633
1 0.1725 0.413696 0.0675 0.0956848 0.435366
1 0.3975 0.222326 0.05 0.181989 0.444762
5 0.01875 0.523452 0.0375 0.123827 0.4481
1 0.444375 0.701689 0.12375 0.168856 0.453682
5 0.1025 0.390244 0.04 0.101313 0.513081
1 0.568125 0.0834897 0.12875 0.114447 0.514438
1 0.20375 0.5394 0.0775 0.133208 0.533961
1 0.57875 0.422139 0.145 0.183865 0.567063
5 0.108125 0.682927 0.07125 0.0675422 0.695168
2 0.377823 0.194787 0.026694 0.0576132 0.441725
2 0.745893 0.344993 0.189938 0.0507545 0.445453
2 0.820329 0.119342 0.0184805 0.230453 0.447733
2 0.174025 0.11797 0.0585216 0.23594 0.523759
2 0.717659 0.0589849 0.026694 0.11797 0.568947
2 0.102156 0.618656 0.191992 0.0246914 0.573255
2 0.465092 0.253086 0.299795 0.105624 0.640991
2 0.11037 0.246914 0.220739 0.0658436 0.728774
5 0.019375 0.22045 0.03875 0.054409 0.408123
5 0.94125 0.217636 0.0425 0.0562852 0.411927
5 0.19125 0.581613 0.0575 0.0525328 0.41519
1 0.730625 0.811445 0.11125 0.34334 0.42633
1 0.1725 0.413696 0.0675 0.0956848 0.435366
1 0.3975 0.222326 0.05 0.181989 0.444762
5 0.01875 0.523452 0.0375 0.123827 0.4481
1 0.444375 0.701689 0.12375 0.168856 0.453682
5 0.1025 0.390244 0.04 0.101313 0.513081
1 0.568125 0.0834897 0.12875 0.114447 0.514438
1 0.20375 0.5394 0.0775 0.133208 0.533961
1 0.57875 0.422139 0.145 0.183865 0.567063
5 0.108125 0.682927 0.07125 0.0675422 0.695168
2 0.377823 0.194787 0.026694 0.0576132 0.441725
2 0.745893 0.344993 0.189938 0.0507545 0.445453
2 0.820329 0.119342 0.0184805 0.230453 0.447733
2 0.174025 0.11797 0.0585216 0.23594 0.523759
2 0.717659 0.0589849 0.026694 0.11797 0.568947
2 0.102156 0.618656 0.191992 0.0246914 0.573255
2 0.465092 0.253086 0.299795 0.105624 0.640991
2 0.11037 0.246914 0.220739 0.0658436 0.728774
1 0.161875 0.224203 0.04875 0.0581614 0.457965
2 0.559035 0.272977 0.489733 0.208505 0.476339
5 0.019375 0.22045 0.03875 0.054409 0.408123
5 0.94125 0.217636 0.0425 0.0562852 0.411927
5 0.19125 0.581613 0.0575 0.0525328 0.41519
1 0.730625 0.811445 0.11125 0.34334 0.42633
1 0.1725 0.413696 0.0675 0.0956848 0.435366
1 0.3975 0.222326 0.05 0.181989 0.444762
5 0.01875 0.523452 0.0375 0.123827 0.4481
1 0.444375 0.701689 0.12375 0.168856 0.453682
5 0.1025 0.390244 0.04 0.101313 0.513081
1 0.568125 0.0834897 0.12875 0.114447 0.514438
1 0.20375 0.5394 0.0775 0.133208 0.533961
1 0.57875 0.422139 0.145 0.183865 0.567063
5 0.108125 0.682927 0.07125 0.0675422 0.695168
2 0.377823 0.194787 0.026694 0.0576132 0.441725
2 0.745893 0.344993 0.189938 0.0507545 0.445453
2 0.820329 0.119342 0.0184805 0.230453 0.447733
2 0.174025 0.11797 0.0585216 0.23594 0.523759
2 0.717659 0.0589849 0.026694 0.11797 0.568947
2 0.102156 0.618656 0.191992 0.0246914 0.573255
2 0.465092 0.253086 0.299795 0.105624 0.640991
2 0.11037 0.246914 0.220739 0.0658436 0.728774
