1 0.70375 0.268293 0.1075 0.123827 0.403692
5 0.945 0.711069 0.0625 0.0637899 0.409628
5 0.35 0.942777 0.05 0.0806754 0.420984
5 0.228125 0.287993 0.02875 0.0393996 0.424743
1 0.98125 0.944653 0.0375 0.106942 0.430428
5 0.89625 0.445591 0.04 0.054409 0.431832
1 0.6225 0.194184 0.065 0.0769231 0.435799
1 0.910625 0.888368 0.10375 0.0731707 0.442072
1 0.1075 0.682927 0.065 0.0637899 0.443429
1 0.3525 0.375235 0.0825 0.0938086 0.443986
5 0.306875 0.157598 0.03875 0.0450281 0.444819
5 0.52875 0.381801 0.045 0.0731707 0.444836
5 0.813125 0.0863039 0.04125 0.0487805 0.4516
5 0.69875 0.554409 0.06 0.0694184 0.457946
1 0.525625 0.587242 0.05625 0.105066 0.459701
1 0.165 0.415572 0.0725 0.110694 0.461853
1 0.6975 0.650094 0.1025 0.133208 0.476543
5 0.0175 0.22045 0.0325 0.0506567 0.483308
5 0.475625 0.977486 0.02875 0.0450281 0.485001
5 0.931875 0.183865 0.05875 0.123827 0.527274
1 0.4525 0.702627 0.0975 0.166979 0.53128
1 0.853125 0.363977 0.14875 0.116323 0.538242
5 0.020625 0.781426 0.04125 0.065666 0.538993
5 0.790625 0.290807 0.07625 0.0712946 0.540813
1 0.16 0.0694184 0.1 0.138837 0.549738
1 0.108125 0.407129 0.05375 0.12758 0.562733
5 0.6225 0.19137 0.065 0.0712946 0.578195
1 0.91875 0.609756 0.0975 0.12758 0.592976
1 0.49375 0.875235 0.1475 0.114447 0.596174
1 0.729375 0.774859 0.09125 0.172608 0.600147
5 0.018125 0.529081 0.03625 0.123827 0.612436
5 0.16125 0.217636 0.0425 0.0450281 0.619435
5 0.223125 0.5 0.04125 0.054409 0.623017
1 0.776875 0.506567 0.14875 0.146341 0.631142
1 0.931875 0.183865 0.05875 0.123827 0.632065
1 0.596875 0.0938086 0.07875 0.097561 0.652794
1 0.26625 0.399625 0.06 0.11257 0.661587
5 0.533125 0.313321 0.06375 0.0562852 0.682341
5 0.19125 0.578799 0.055 0.0469043 0.693772
1 0.584375 0.434334 0.15375 0.174484 0.725112
5 0.108125 0.681051 0.06625 0.0637899 0.75096
1 0.434375 0.5 0.08625 0.159475 0.75419
1 0.738125 0.909944 0.09125 0.161351 0.763871
1 0.593125 0.771107 0.15125 0.146341 0.796149
4 0.463552 0.783265 0.0318275 0.115226 0.40488
1 0.63501 0.26406 0.0482546 0.105624 0.410948
4 0.26232 0.33059 0.0564682 0.652949 0.427152
2 0.718686 0.0679012 0.026694 0.135802 0.436592
2 0.401951 0.238683 0.169405 0.096022 0.461606
2 0.821355 0.12963 0.0164271 0.231824 0.509815
2 0.87115 0.18107 0.0400411 0.36214 0.582559
1 0.623717 0.709877 0.0462012 0.165981 0.597557
2 0.261294 0.334705 0.0564682 0.66118 0.608166
4 0.571869 0.860082 0.0431212 0.260631 0.626628
