5 0.909375 0.891182 0.13875 0.210131 0.430114
5 0.1025 0.401501 0.0575 0.123827 0.439264
5 0.221875 0.501876 0.04375 0.0581614 0.470226
5 0.023125 0.664165 0.04625 0.0863039 0.487602
5 0.09625 0.510319 0.065 0.0562852 0.535372
5 0.1075 0.683865 0.07 0.0619137 0.671523
2 0.85883 0.786008 0.0482546 0.41701 0.404354
2 0.341889 0.0390946 0.0410678 0.0781893 0.487902
2 0.267454 0.246914 0.0605749 0.493827 0.545958
2 0.167864 0.104938 0.0585216 0.209877 0.580348
2 0.458932 0.264746 0.281314 0.109739 0.606685
2 0.740246 0.347737 0.219713 0.0562414 0.681708
2 0.0985626 0.245542 0.197125 0.0658436 0.733602
