2 0.246451 0.894863 0.0137972 0.140841 0.410127
5 0.495401 0.455546 0.0141972 0.0259667 0.413609
2 0.476905 0.163703 0.0279944 0.132091 0.418864
2 0.153969 0.967965 0.0123975 0.0567316 0.420084
2 0.267646 0.559272 0.00859828 0.0426193 0.421778
2 0.318536 0.559977 0.0131974 0.0541914 0.426089
2 0.467407 0.841801 0.178564 0.137454 0.429648
2 0.258548 0.797347 0.0195961 0.153542 0.431921
5 0.714957 0.951312 0.0285943 0.0883432 0.438646
2 0.744951 0.968247 0.0125975 0.0572961 0.452042
2 0.165967 0.171888 0.120376 0.185154 0.462376
2 0.945211 0.101327 0.0387922 0.202089 0.466756
2 0.923815 0.0932825 0.0267946 0.180356 0.470426
2 0.286243 0.88315 0.0333933 0.219588 0.489309
2 0.122975 0.640841 0.0575885 0.179791 0.492457
2 0.914617 0.456393 0.168766 0.30031 0.506643
2 0.686763 0.310612 0.138172 0.251482 0.525317
2 0.84813 0.119108 0.0273945 0.219023 0.571662
2 0.605579 0.79269 0.138572 0.40954 0.629203
2 0.918316 0.108524 0.162967 0.201242 0.648767
2 0.140572 0.44722 0.14917 0.220999 0.662217
2 0.970106 0.0496754 0.0237952 0.0993508 0.7007
