1 0.14625 0.0731707 0.13 0.142589 0.400757
1 0.271875 0.398687 0.06125 0.125704 0.413839
1 0.10875 0.682927 0.07 0.0712946 0.420464
1 0.024375 0.651032 0.04875 0.326454 0.435955
1 0.325625 0.239212 0.04625 0.125704 0.437352
1 0.4975 0.912758 0.1525 0.163227 0.440489
1 0.815625 0.0881801 0.04125 0.0562852 0.446312
1 0.594375 0.0947467 0.08125 0.0956848 0.469292
1 0.6275 0.183865 0.0725 0.108818 0.472643
1 0.205625 0.5394 0.07875 0.129456 0.509103
1 0.585625 0.417448 0.15375 0.21576 0.533275
1 0.743125 0.858349 0.10375 0.268293 0.566626
1 0.868583 0.182442 0.0513347 0.364883 0.414273
1 0.633984 0.465021 0.0441478 0.263374 0.416102
2 0.822895 0.125514 0.0174538 0.231824 0.461499
2 0.86807 0.183128 0.0523614 0.366255 0.472296
1 0.640144 0.281207 0.0338809 0.0740741 0.513821
5 0.190625 0.584428 0.05875 0.0506567 0.403914
1 0.04375 0.928705 0.0875 0.116323 0.46624
1 0.59375 0.0928705 0.085 0.103189 0.469656
1 0.351875 0.927767 0.05625 0.125704 0.490448
1 0.63125 0.925891 0.0725 0.133208 0.492169
5 0.108125 0.685741 0.06875 0.0619137 0.539229
1 0.494375 0.886492 0.15375 0.110694 0.758987
1 0.745 0.904315 0.1025 0.172608 0.760758
2 0.0980493 0.61797 0.191992 0.037037 0.444986
2 0.478439 0.259945 0.328542 0.0891632 0.568305
