1 0.356875 0.432458 0.07875 0.136961 0.413293
5 0.931875 0.719512 0.03875 0.054409 0.417064
1 0.605 0.130394 0.1 0.178236 0.418793
5 0.305 0.116323 0.04 0.0450281 0.424427
5 0.10125 0.389306 0.04 0.0994371 0.51776
1 0.393125 0.222326 0.05125 0.193246 0.551508
1 0.734375 0.797373 0.09625 0.375235 0.604102
1 0.49375 0.883677 0.155 0.11257 0.611063
1 0.57375 0.417448 0.1425 0.196998 0.615581
1 0.705625 0.243902 0.10375 0.168856 0.628205
1 0.203125 0.5394 0.07875 0.140713 0.641636
2 0.171458 0.145405 0.0554415 0.288066 0.421554
2 0.317762 0.261317 0.0195072 0.264746 0.425984
2 0.457392 0.462277 0.0174538 0.106996 0.447365
1 0.633984 0.443073 0.0400411 0.257888 0.475926
2 0.37885 0.195473 0.0287474 0.0644719 0.4848
1 0.948152 0.0788752 0.103696 0.15775 0.505112
1 0.623203 0.762003 0.0472279 0.336077 0.51447
2 0.108316 0.619342 0.179671 0.0260631 0.555646
